0 0.223485 0.504067 0.068094 0.178925
0 0.733316 0.614989 0.072848 0.226928
0 0.179025 0.758656 0.085025 0.240027
0 0.044808 0.794868 0.089584 0.225430
0 0.522814 0.749977 0.105383 0.166681
0 0.325718 0.677299 0.058589 0.120707
0 0.593473 0.673863 0.069357 0.126298
0 0.904870 0.627079 0.094258 0.351402
0 0.377167 0.607020 0.040262 0.082672
0 0.144519 0.594056 0.103415 0.208627
0 0.887831 0.627891 0.073549 0.352184
0 0.203268 0.945809 0.081211 0.108383
0 0.277030 0.595312 0.071036 0.121830
0 0.773581 0.544456 0.037103 0.128962
0 0.267413 0.593120 0.050416 0.115782
0 0.176725 0.946002 0.132461 0.107607
